   1.1335042e-02   1.0952649e-03   1.4613940e-04   1.9220169e-05   2.9579025e-06   4.5526310e-07   7.6796971e-08   1.2948533e-08   2.3155310e-09   4.1335015e-10   7.6791068e-11   1.4227337e-11   2.7105764e-12   5.1468745e-13   9.9695606e-14   1.9237893e-14   3.7618952e-15   7.3107442e-16   1.3974511e-16   2.1320722e-17   1.3869820e-18   9.1180630e-02   1.8412424e-03   2.7153787e-04   9.8194876e-06   2.8529440e-06   1.3480359e-07   4.9543241e-08   2.7955940e-09   1.1148760e-09   7.1960993e-11   2.9312447e-11   2.1095122e-12   8.5251133e-13   6.7251516e-14   2.6531772e-14   2.2599433e-15   8.6214452e-16   8.0016466e-17   3.1612726e-17   5.3137852e-18   2.3722453e-18   1.1296938e-02  -6.3257566e-04   9.5809844e-05  -1.0512181e-05   1.7151310e-06  -2.3550861e-07   4.1034291e-08  -6.3251534e-09   1.1521284e-09  -1.9031240e-10   3.5693114e-11  -6.1611531e-12   1.1774738e-12  -2.0914239e-13   4.0434010e-14  -7.3157085e-15   1.4229302e-15  -2.6021718e-16   5.0877955e-17  -8.8701786e-18   1.7757183e-18
   1.0952649e-03   2.8846528e-03   3.9606758e-04   6.4711462e-05   9.8826580e-06   1.7042623e-06   2.8863998e-07   5.2721952e-08   9.5383518e-09   1.8135007e-09   3.4231881e-10   6.6847773e-11   1.2971235e-11   2.5774939e-12   5.0912587e-13   1.0227232e-13   2.0426175e-14   4.1281663e-15   8.2969312e-16   1.6762117e-16   3.2149342e-17   6.9547737e-03   2.2358334e-02   6.5957010e-04   1.1764904e-04   5.1343853e-06   1.6160939e-06   8.7522181e-08   3.3516464e-08   2.1094940e-09   8.6178302e-10   6.0953931e-11   2.5215249e-11   1.9633513e-12   8.0189484e-13   6.7790654e-14   2.6956897e-14   2.4514767e-15   9.4151504e-16   9.1751070e-17   3.3749932e-17   3.4428015e-18   6.3257566e-04   2.7338078e-03  -2.1502852e-04   4.0620358e-05  -5.1441560e-06   9.4853913e-07  -1.4283177e-07   2.7093659e-08  -4.4713380e-09   8.6928875e-10  -1.5159456e-10   2.9974165e-11  -5.4120000e-12   1.0812791e-12  -1.9957095e-13   4.0090759e-14  -7.4995100e-15   1.5092778e-15  -2.8442833e-16   5.7165758e-17  -1.0411247e-17
   1.4613940e-04   3.9606758e-04   7.3600111e-04   1.2431221e-04   2.3447000e-05   4.0255431e-06   7.6216400e-07   1.4004536e-07   2.7413985e-08   5.2798687e-09   1.0606637e-09   2.1064025e-10   4.3057935e-11   8.7197862e-12   1.8017931e-12   3.6928071e-13   7.6760454e-14   1.5838753e-14   3.3006244e-15   6.8181844e-16   1.3583859e-16   9.1965132e-04   2.4284320e-03   5.4883240e-03   2.0485972e-04   4.1686595e-05   2.1236769e-06   7.1038020e-07   4.3418366e-08   1.7171672e-08   1.1944770e-09   4.9743586e-10   3.8317844e-11   1.6049241e-11   1.3460608e-12   5.5449646e-13   5.0058812e-14   2.0029647e-14   1.9305508e-15   7.4452430e-16   7.6014401e-17   2.6974069e-17   9.5809844e-05   2.1502852e-04   6.6247352e-04  -6.3349540e-05   1.4080518e-05  -1.9921823e-06   4.0688139e-07  -6.6236563e-08   1.3540773e-08  -2.3734532e-09   4.8950743e-10  -8.9661051e-11   1.8614424e-11  -3.5030111e-12   7.2954441e-13  -1.3955210e-13   2.9064669e-14  -5.6104905e-15   1.1655809e-15  -2.2554868e-16   4.4826410e-17
   1.9220169e-05   6.4711462e-05   1.2431221e-04   1.8829305e-04   3.6872004e-05   7.7729813e-06   1.4697978e-06   3.0123986e-07   5.9433203e-08   1.2370060e-08   2.5204380e-09   5.3229240e-10   1.1075124e-10   2.3615428e-11   4.9763084e-12   1.0665295e-12   2.2629499e-13   4.8578442e-14   1.0335208e-14   2.2120300e-15   4.4972851e-16   1.1238667e-04   3.9540212e-04   7.3518368e-04   1.3487610e-03   6.0066532e-05   1.3506584e-05   7.8624412e-07   2.7590065e-07   1.8811831e-08   7.6336063e-09   5.8251834e-10   2.4635509e-10   2.0559781e-11   8.6978261e-12   7.8273436e-13   3.2466923e-13   3.1208542e-14   1.2550050e-14   1.2798609e-15   4.9455005e-16   5.0746237e-17   1.0512181e-05   4.0620358e-05   6.3349540e-05   1.6076739e-04  -1.7610197e-05   4.4619105e-06  -6.9081641e-07   1.5413960e-07  -2.6843402e-08   5.8687839e-09  -1.0856542e-09   2.3637162e-10  -4.5280676e-11   9.8371178e-12  -1.9235800e-12   4.1655323e-13  -8.2390194e-14   1.7756782e-14  -3.5303299e-15   7.5477408e-16  -1.4399910e-16
   2.9579025e-06   9.8826580e-06   2.3447000e-05   3.6872004e-05   4.8308161e-05   1.0615340e-05   2.4504395e-06   5.0312728e-07   1.1047653e-07   2.3218508e-08   5.1063075e-09   1.0951204e-09   2.4212739e-10   5.2595482e-11   1.1663637e-11   2.5508309e-12   5.6576915e-13   1.2403078e-13   2.7446130e-14   5.9986196e-15   1.2599304e-15   1.7334653e-05   5.6086754e-05   1.3896266e-04   2.1009516e-04   3.3186354e-04   1.7076336e-05   4.1589737e-06   2.7253180e-07   9.9400307e-08   7.4923253e-09   3.1040074e-09   2.5824424e-10   1.1058024e-10   9.9534047e-12   4.2447241e-12   4.0846810e-13   1.7036409e-13   1.7389456e-14   7.0202034e-15   7.5400574e-16   2.7926538e-16   1.7151310e-06   5.1441560e-06   1.4080518e-05   1.7610197e-05   3.9074650e-05  -4.7439288e-06   1.3433705e-06  -2.2433413e-07   5.4140505e-08  -1.0005111e-08   2.3253380e-09  -4.5163127e-10   1.0338785e-10  -2.0639187e-11   4.6785391e-12  -9.4808383e-13   2.1302052e-13  -4.3476475e-14   9.6791062e-15  -1.9750795e-15   4.1629142e-16
   4.5526310e-07   1.7042623e-06   4.0255431e-06   7.7729813e-06   1.0615340e-05   1.2430820e-05   3.0021497e-06   7.4818033e-07   1.6507091e-07   3.8526613e-08   8.5712322e-09   1.9817527e-09   4.4548254e-10   1.0275331e-10   2.3232768e-11   5.3444676e-12   1.2103413e-12   2.7726597e-13   6.2683823e-14   1.4241840e-14   3.0481236e-15   2.5434919e-06   9.7155351e-06   2.2153980e-05   4.4635724e-05   5.8207794e-05   8.1761900e-05   4.7636440e-06   1.2395292e-06   9.0420545e-08   3.4043116e-08   2.8158814e-09   1.1864777e-09   1.0705690e-10   4.6304128e-11   4.4775443e-12   1.9217892e-12   1.9714675e-13   8.2584894e-14   8.9280296e-15   3.6067891e-15   3.8787011e-16   2.3550861e-07   9.4853913e-07   1.9921823e-06   4.4619105e-06   4.7439288e-06   9.5126646e-06  -1.2532418e-06   3.9136035e-07  -6.9740844e-08   1.8068321e-08  -3.5203863e-09   8.6559891e-10  -1.7574853e-10   4.2160649e-11  -8.7435584e-12   2.0630145e-12  -4.3223099e-13   1.0057415e-13  -2.1140042e-14   4.8441455e-15  -9.7000844e-16
   7.6796971e-08   2.8863998e-07   7.6216400e-07   1.4697978e-06   2.4504395e-06   3.0021497e-06   3.2087652e-06   8.3945889e-07   2.2352046e-07   5.2569187e-08   1.2959829e-08   3.0365631e-09   7.3502726e-10   1.7257317e-10   4.1401807e-11   9.7184238e-12   2.3138682e-12   5.4153880e-13   1.2788529e-13   2.9689097e-14   6.5852561e-15   4.2802008e-07   1.5682978e-06   4.2228183e-06   7.8364656e-06   1.3618629e-05   1.5822557e-05   2.0172067e-05   1.3123891e-06   3.6123380e-07   2.9081332e-08   1.1243083e-08   1.0143136e-09   4.3335172e-10   4.2215617e-11   1.8407675e-11   1.9055906e-12   8.2207052e-13   8.9652922e-14   3.7677743e-14   4.2918145e-15   1.6518766e-15   4.1034291e-08   1.4283177e-07   4.0688139e-07   6.9081641e-07   1.3433705e-06   1.2532418e-06   2.3198790e-06  -3.2675546e-07   1.1145257e-07  -2.1018787e-08   5.8116699e-09  -1.1875414e-09   3.0770278e-10  -6.5071115e-11   1.6312113e-11  -3.5048873e-12   8.5894209e-13  -1.8567267e-13   4.4662334e-14  -9.6295711e-15   2.1651107e-15
   1.2948533e-08   5.2721952e-08   1.4004536e-07   3.0123986e-07   5.0312728e-07   7.4818033e-07   8.3945889e-07   8.3100585e-07   2.3299068e-07   6.5755694e-08   1.6380739e-08   4.2439488e-09   1.0428294e-09   2.6334000e-10   6.4381285e-11   1.6023609e-11   3.8960126e-12   9.5815277e-13   2.3129392e-13   5.6048373e-14   1.2670191e-14   6.9398795e-08   2.8614867e-07   7.3943990e-07   1.6206857e-06   2.5962870e-06   4.0195648e-06   4.2470597e-06   4.9842849e-06   3.5847297e-07   1.0359189e-07   9.1398941e-09   3.6135525e-09   3.5372891e-10   1.5286550e-10   1.6013785e-11   7.0284317e-12   7.7650209e-13   3.3632237e-13   3.8886549e-14   1.6334210e-14   1.8536256e-15   6.3251534e-09   2.7093659e-08   6.6236563e-08   1.5413960e-07   2.2433413e-07   3.9136035e-07   3.2675546e-07   5.6680649e-07  -8.4404461e-08   3.1223055e-08  -6.1901772e-09   1.8182028e-09  -3.8791633e-10   1.0557602e-10  -2.3180667e-11   6.0577606e-12  -1.3453074e-12   3.4180833e-13  -7.6078337e-14   1.8839719e-14  -3.9634085e-15
   2.3155310e-09   9.5383518e-09   2.7413985e-08   5.9433203e-08   1.1047653e-07   1.6507091e-07   2.2352046e-07   2.3299068e-07   2.1595861e-07   6.4353819e-08   1.9129189e-08   5.0214466e-09   1.3614491e-09   3.4958221e-10   9.1817270e-11   2.3313093e-11   6.0057865e-12   1.5095052e-12   3.8269783e-13   9.4809694e-14   2.2288600e-14   1.2327885e-08   4.9778754e-08   1.4478379e-07   3.0469751e-07   5.7660829e-07   8.2359965e-07   1.1594191e-06   1.1300507e-06   1.2335524e-06   9.7327034e-08   2.9356158e-08   2.8223195e-09   1.1373586e-09   1.2026469e-10   5.2468307e-11   5.8898295e-12   2.5986409e-12   3.0552745e-13   1.3271127e-13   1.6170541e-14   6.4268679e-15   1.1521284e-09   4.4713380e-09   1.3540773e-08   2.6843402e-08   5.4140505e-08   6.9740844e-08   1.1145257e-07   8.4404461e-08   1.3876038e-07  -2.1654385e-08   8.6408894e-09  -1.7910066e-09   5.5674420e-10  -1.2355196e-10   3.5224115e-11  -8.0074913e-12   2.1769660e-12  -4.9862707e-13   1.3110674e-13  -2.9905585e-14   7.2256540e-15
   4.1335015e-10   1.8135007e-09   5.2798687e-09   1.2370060e-08   2.3218508e-08   3.8526613e-08   5.2569187e-08   6.5755694e-08   6.4353819e-08   5.6326498e-08   1.7721453e-08   5.5196240e-09   1.5201782e-09   4.2978853e-10   1.1496690e-10   3.1324436e-11   8.2412156e-12   2.1930673e-12   5.6862401e-13   1.4780403e-13   3.5414024e-14   2.1245675e-09   9.4097468e-09   2.6811527e-08   6.3521522e-08   1.1548041e-07   1.9488180e-07   2.5333052e-07   3.2889080e-07   2.9881926e-07   3.0582193e-07   2.6313248e-08   8.2451760e-09   8.5959001e-10   3.5215154e-10   4.0065480e-11   1.7617978e-11   2.1125620e-12   9.3597324e-13   1.1677033e-13   5.0636029e-14   6.1079395e-15   1.9031241e-10   8.6928875e-10   2.3734532e-09   5.8687839e-09   1.0005111e-08   1.8068321e-08   2.1018787e-08   3.1223055e-08   2.1654385e-08   3.4042160e-08  -5.5273195e-09   2.3693326e-09  -5.1102067e-10   1.6760568e-10  -3.8560580e-11   1.1489468e-11  -2.6976052e-12   7.6159160e-13  -1.7952643e-13   4.8610463e-14  -1.0743458e-14
   7.6791068e-11   3.4231881e-10   1.0606637e-09   2.5204380e-09   5.1063075e-09   8.5712322e-09   1.2959829e-08   1.6380739e-08   1.9129189e-08   1.7721453e-08   1.4747193e-08   4.8719451e-09   1.5832017e-09   4.5580299e-10   1.3396678e-10   3.7232672e-11   1.0499611e-11   2.8563857e-12   7.8351306e-13   2.0831196e-13   5.2128083e-14   3.9073615e-10   1.7146823e-09   5.3598830e-09   1.2444516e-08   2.5473998e-08   4.1320416e-08   6.3469746e-08   7.6158992e-08   9.2136644e-08   7.8666898e-08   7.5961769e-08   7.0934324e-09   2.3002805e-09   2.5896825e-10   1.0761945e-10   1.3128599e-11   5.8111453e-12   7.4217385e-13   3.2979661e-13   4.3347776e-14   1.7642979e-14   3.5693124e-11   1.5159456e-10   4.8950743e-10   1.0856542e-09   2.3253380e-09   3.5203863e-09   5.8116699e-09   6.1901772e-09   8.6408894e-09   5.5273195e-09   8.3705665e-09  -1.4054569e-09   6.4510005e-10  -1.4419309e-10   4.9773064e-11  -1.1836886e-11   3.6788473e-12  -8.9009861e-13   2.6047774e-13  -6.2832318e-14   1.6486212e-14
   1.4227337e-11   6.6847773e-11   2.1064025e-10   5.3229240e-10   1.0951204e-09   1.9817527e-09   3.0365631e-09   4.2439488e-09   5.0214466e-09   5.5196240e-09   4.8719451e-09   3.8765192e-09   1.3385697e-09   4.5218680e-10   1.3565505e-10   4.1339048e-11   1.1908947e-11   3.4686699e-12   9.7357213e-13   2.7344813e-13   6.9729069e-14   7.0020733e-11   3.3168205e-10   1.0275518e-09   2.6177507e-09   5.2532742e-09   9.5963447e-09   1.4175832e-08   2.0101762e-08   2.2498288e-08   2.5565984e-08   2.0645106e-08   1.8906090e-08   1.9086464e-09   6.3851660e-10   7.7345008e-11   3.2546653e-11   4.2438516e-12   1.8887650e-12   2.5613179e-13   1.1350407e-13   1.4649043e-14   6.1611454e-12   2.9974167e-11   8.9661051e-11   2.3637162e-10   4.5163127e-10   8.6559891e-10   1.1875414e-09   1.8182028e-09   1.7910066e-09   2.3693326e-09   1.4054569e-09   2.0632395e-09  -3.5634369e-10   1.7469822e-10  -4.0322230e-11   1.4618120e-11  -3.5840856e-12   1.1599372e-12  -2.8852236e-13   8.6994036e-14  -2.0154875e-14
   2.7105764e-12   1.2971235e-11   4.3057935e-11   1.1075124e-10   2.4212739e-10   4.4548254e-10   7.3502726e-10   1.0428294e-09   1.3614491e-09   1.5201782e-09   1.5832017e-09   1.3385697e-09   1.0232806e-09   3.6786153e-10   1.2877833e-10   4.0144894e-11   1.2654374e-11   3.7705786e-12   1.1316665e-12   3.2526417e-13   8.7110325e-14   1.3167959e-11   6.2247709e-11   2.0819181e-10   5.2579668e-10   1.1579580e-09   2.0745040e-09   3.4517253e-09   4.7098330e-09   6.2299276e-09   6.5558665e-09   7.0418023e-09   5.4065798e-09   4.7158440e-09   5.1302681e-10   1.7658449e-10   2.2940776e-11   9.7603453e-12   1.3563897e-12   6.0612304e-13   8.6510425e-14   3.5639944e-14   1.1774619e-12   5.4120011e-12   1.8614424e-11   4.5280676e-11   1.0338785e-10   1.7574853e-10   3.0770278e-10   3.8791633e-10   5.5674420e-10   5.1102067e-10   6.4510005e-10   3.5634369e-10   5.0989249e-10  -9.0156139e-11   4.7117891e-11  -1.1193566e-11   4.2546491e-12  -1.0728422e-12   3.6086581e-13  -9.1622796e-14   2.6543374e-14
   5.1468745e-13   2.5774939e-12   8.7197862e-12   2.3615428e-11   5.2595482e-11   1.0275331e-10   1.7257317e-10   2.6334000e-10   3.4958221e-10   4.2978853e-10   4.5580299e-10   4.5218680e-10   3.6786153e-10   2.7130298e-10   1.0119066e-10   3.6609279e-11   1.1829691e-11   3.8488718e-12   1.1831542e-12   3.6283685e-13   9.8976117e-14   2.4202000e-12   1.2214285e-11   4.0776380e-11   1.1119457e-10   2.4283424e-10   4.7749956e-10   7.7948427e-10   1.1981764e-09   1.5259213e-09   1.8978265e-09   1.8896897e-09   1.9284816e-09   1.4140370e-09   1.1790867e-09   1.3784735e-10   4.8707185e-11   6.7668246e-12   2.9070669e-12   4.2909719e-13   1.9108865e-13   2.6490963e-14   2.0913515e-13   1.0812791e-12   3.5030108e-12   9.8371179e-12   2.0639187e-11   4.2160649e-11   6.5071115e-11   1.0557602e-10   1.2355196e-10   1.6760568e-10   1.4419309e-10   1.7469822e-10   9.0156139e-11   1.2636462e-10  -2.2775180e-11   1.2670346e-11  -3.0888812e-12   1.2291362e-12  -3.1787258e-13   1.1027818e-13  -2.6591230e-14
   9.9695606e-14   5.0912587e-13   1.8017931e-12   4.9763084e-12   1.1663637e-11   2.3232768e-11   4.1401807e-11   6.4381285e-11   9.1817270e-11   1.1496690e-10   1.3396678e-10   1.3565505e-10   1.2877833e-10   1.0119066e-10   7.2262018e-11   2.7878693e-11   1.0398207e-11   3.4747749e-12   1.1636787e-12   3.6548184e-13   1.0554310e-13   4.6151375e-13   2.3351254e-12   8.3235965e-12   2.2661144e-11   5.3442800e-11   1.0423836e-10   1.8679647e-10   2.8181554e-10   4.0436953e-10   4.8450023e-10   5.7016775e-10   5.3997134e-10   5.2580524e-10   3.6959402e-10   2.9555968e-10   3.7047194e-11   1.3411622e-11   1.9870510e-12   8.6028839e-13   1.3336003e-13   5.4573355e-14   4.0434420e-14   1.9956989e-13   7.2954365e-13   1.9235804e-12   4.6785390e-12   8.7435584e-12   1.6312113e-11   2.3180667e-11   3.5224115e-11   3.8560580e-11   4.9773064e-11   4.0322230e-11   4.7117891e-11   2.2775180e-11   3.1410941e-11  -5.7476646e-12   3.4000404e-12  -8.4818242e-13   3.5262080e-13  -9.2656289e-14   3.0547428e-14
   1.9237893e-14   1.0227232e-13   3.6928071e-13   1.0665295e-12   2.5508309e-12   5.3444676e-12   9.7184238e-12   1.6023609e-11   2.3313093e-11   3.1324436e-11   3.7232672e-11   4.1339048e-11   4.0144894e-11   3.6609279e-11   2.7878693e-11   1.9339659e-11   7.6965808e-12   2.9526026e-12   1.0170840e-12   3.4667549e-13   1.0190299e-13   8.6197115e-14   4.6188704e-13   1.6509869e-12   4.7998518e-12   1.1303871e-11   2.3812498e-11   4.2339667e-11   7.0131298e-11   9.8805788e-11   1.3339829e-10   1.5132637e-10   1.6936942e-10   1.5321868e-10   1.4288038e-10   9.6597730e-11   7.4293099e-11   9.9637080e-12   3.6886768e-12   5.8053181e-13   2.5064720e-13   3.7159390e-14   7.3143037e-15   4.0088481e-14   1.3955095e-13   4.1655356e-13   9.4808376e-13   2.0630145e-12   3.5048873e-12   6.0577606e-12   8.0074913e-12   1.1489468e-11   1.1836886e-11   1.4618120e-11   1.1193566e-11   1.2670346e-11   5.7476646e-12   7.8332318e-12  -1.4496805e-12   9.1103797e-13  -2.3173990e-13   9.9611716e-14  -2.4495868e-14
   3.7618952e-15   2.0426175e-14   7.6760454e-14   2.2629499e-13   5.6576915e-13   1.2103413e-12   2.3138682e-12   3.8960126e-12   6.0057865e-12   8.2412156e-12   1.0499611e-11   1.1908947e-11   1.2654374e-11   1.1829691e-11   1.0398207e-11   7.6965808e-12   5.2014611e-12   2.1294414e-12   8.3711899e-13   2.9325753e-13   9.2472015e-14   1.6536319e-14   8.9273444e-14   3.3800402e-13   9.8555904e-13   2.4788138e-12   5.2156893e-12   1.0017276e-11   1.6468103e-11   2.5476476e-11   3.3786404e-11   4.3191660e-11   4.6628054e-11   4.9846130e-11   4.3232469e-11   3.8729133e-11   2.5258115e-11   1.8729849e-11   2.6818241e-12   1.0119969e-12   1.6655184e-13   6.5132163e-14   1.4193283e-15   7.4979416e-15   2.9064188e-14   8.2390145e-14   2.1302050e-13   4.3223100e-13   8.5894208e-13   1.3453074e-12   2.1769660e-12   2.6976052e-12   3.6788473e-12   3.5840856e-12   4.2546491e-12   3.0888812e-12   3.4000404e-12   1.4496805e-12   1.9601234e-12  -3.6551052e-13   2.4344672e-13  -6.2341095e-14   2.5065489e-14
   7.3107442e-16   4.1281663e-15   1.5838753e-14   4.8578442e-14   1.2403078e-13   2.7726597e-13   5.4153880e-13   9.5815277e-13   1.5095052e-12   2.1930673e-12   2.8563857e-12   3.4686699e-12   3.7705786e-12   3.8488718e-12   3.4747749e-12   2.9526026e-12   2.1294414e-12   1.4049628e-12   5.8876710e-13   2.3328495e-13   7.4897724e-14   3.0993716e-15   1.7714675e-14   6.7489463e-14   2.0842338e-13   5.2585178e-13   1.1817917e-12   2.2676051e-12   4.0272564e-12   6.1853399e-12   9.0082834e-12   1.1316537e-11   1.3768364e-11   1.4205832e-11   1.4557113e-11   1.2142821e-11   1.0478074e-11   6.6086457e-12   4.7345229e-12   7.2014386e-13   2.7247772e-13   4.1804246e-14   2.5730630e-16   1.5081468e-15   5.6109238e-15   1.7756384e-14   4.3476555e-14   1.0057413e-13   1.8567268e-13   3.4180833e-13   4.9862707e-13   7.6159160e-13   8.9009861e-13   1.1599372e-12   1.0728422e-12   1.2291362e-12   8.4818242e-13   9.1103797e-13   3.6551052e-13   4.9196176e-13  -9.2018502e-14   6.3877141e-14  -1.5048195e-14
   1.3974511e-16   8.2969312e-16   3.3006244e-15   1.0335208e-14   2.7446130e-14   6.2683823e-14   1.2788529e-13   2.3129392e-13   3.8269783e-13   5.6862401e-13   7.8351306e-13   9.7357213e-13   1.1316665e-12   1.1831542e-12   1.1636787e-12   1.0170840e-12   8.3711899e-13   5.8876710e-13   3.7858311e-13   1.5885577e-13   5.6441367e-14   5.6325694e-16   3.4444677e-15   1.3813653e-14   4.2901731e-14   1.1466207e-13   2.5853433e-13   5.2989774e-13   9.4039542e-13   1.5604389e-12   2.2568142e-12   3.1135996e-12   3.7238787e-12   4.3298472e-12   4.2845312e-12   4.2206896e-12   3.3943582e-12   2.8264993e-12   1.7264361e-12   1.1944457e-12   1.8810963e-13   6.3180371e-14   4.5900483e-17   2.8452554e-16   1.1661151e-15   3.5300064e-15   9.6791952e-15   2.1139997e-14   4.4662347e-14   7.6078334e-14   1.3110674e-13   1.7952643e-13   2.6047774e-13   2.8852236e-13   3.6086581e-13   3.1787258e-13   3.5262080e-13   2.3173990e-13   2.4344672e-13   9.2018502e-14   1.2309478e-13  -2.2736582e-14   1.4298437e-14
   2.1320722e-17   1.6762117e-16   6.8181844e-16   2.2120300e-15   5.9986196e-15   1.4241840e-14   2.9689097e-14   5.6048373e-14   9.4809694e-14   1.4780403e-13   2.0831196e-13   2.7344813e-13   3.2526417e-13   3.6283685e-13   3.6548184e-13   3.4667549e-13   2.9325753e-13   2.3328495e-13   1.5885577e-13   9.7281745e-14   3.5763695e-14   5.7452860e-17   6.8391238e-16   2.7596367e-15   9.0203448e-15   2.4248912e-14   5.7908271e-14   1.1906727e-13   2.2566076e-13   3.7410923e-13   5.8434646e-13   8.0038213e-13   1.0506706e-12   1.2004206e-12   1.3372236e-12   1.2712392e-12   1.2048554e-12   9.3406003e-13   7.4917543e-13   4.4102170e-13   2.9080605e-13   4.0230409e-14   2.2973017e-18   5.7710450e-17   2.2556521e-16   7.5479736e-16   1.9750649e-15   4.8441372e-15   9.6295750e-15   1.8839718e-14   2.9905586e-14   4.8610463e-14   6.2832318e-14   8.6994036e-14   9.1622796e-14   1.1027818e-13   9.2656289e-14   9.9611716e-14   6.2341095e-14   6.3877141e-14   2.2736582e-14   2.9521641e-14  -5.1399727e-15
   1.3869820e-18   3.2149342e-17   1.3583859e-16   4.4972851e-16   1.2599304e-15   3.0481236e-15   6.5852561e-15   1.2670191e-14   2.2288600e-14   3.5414024e-14   5.2128083e-14   6.9729069e-14   8.7110325e-14   9.8976117e-14   1.0554310e-13   1.0190299e-13   9.2472015e-14   7.4897724e-14   5.6441367e-14   3.5763695e-14   1.8147065e-14  -1.0958141e-17   1.2757603e-16   5.3890971e-16   1.7780734e-15   5.0150245e-15   1.2020433e-14   2.6104463e-14   4.9497820e-14   8.7338420e-14   1.3585786e-13   2.0012203e-13   2.5979670e-13   3.2400116e-13   3.5297040e-13   3.7489111e-13   3.4087182e-13   3.0781127e-13   2.2814937e-13   1.7240578e-13   9.5783713e-14   5.4852435e-14  -2.2357981e-18   1.0661730e-17   4.4581358e-17   1.4418919e-16   4.1621683e-16   9.7003122e-16   2.1651055e-15   3.9634103e-15   7.2256535e-15   1.0743458e-14   1.6486212e-14   2.0154875e-14   2.6543374e-14   2.6591230e-14   3.0547428e-14   2.4495868e-14   2.5065489e-14   1.5048195e-14   1.4298437e-14   5.1399727e-15   4.9226695e-15
   9.1180630e-02   6.9547737e-03   9.1965132e-04   1.1238667e-04   1.7334653e-05   2.5434919e-06   4.2802008e-07   6.9398795e-08   1.2327885e-08   2.1245675e-09   3.9073615e-10   7.0020733e-11   1.3167959e-11   2.4202000e-12   4.6151375e-13   8.6197115e-14   1.6536319e-14   3.0993716e-15   5.6325694e-16   5.7452860e-17  -1.0958141e-17   7.3470872e-01   8.1829627e-16   1.7547299e-03  -8.5534970e-16   1.9604197e-05   1.9368450e-16   3.4156809e-07   1.7232509e-16   7.5896448e-09   1.6439145e-17   1.9570671e-10  -6.7693507e-17   5.5571914e-12  -5.8416785e-17   1.6817361e-13  -6.8668764e-17   5.2851268e-15   3.7651110e-18   1.9216466e-16   1.9850475e-17   1.6817097e-17   9.1180630e-02  -6.9547737e-03   9.1965132e-04  -1.1238667e-04   1.7334653e-05  -2.5434919e-06   4.2802007e-07  -6.9398795e-08   1.2327885e-08  -2.1245674e-09   3.9073606e-10  -7.0020794e-11   1.3168054e-11  -2.4202588e-12   4.6151113e-13  -8.6210026e-14   1.6566571e-14  -3.1237308e-15   6.0355350e-16  -1.1038646e-16   2.1402265e-17
   1.8412424e-03   2.2358334e-02   2.4284320e-03   3.9540212e-04   5.6086754e-05   9.7155351e-06   1.5682978e-06   2.8614867e-07   4.9778754e-08   9.4097468e-09   1.7146823e-09   3.3168205e-10   6.2247709e-11   1.2214285e-11   2.3351254e-12   4.6188704e-13   8.9273444e-14   1.7714675e-14   3.4444677e-15   6.8391238e-16   1.2757603e-16   8.1829627e-16   1.7795060e-01  -3.5893531e-16   7.5200050e-04  -2.6454138e-17   1.0964386e-05   7.3075700e-18   2.2799572e-07   7.3657795e-17   5.7857802e-09   7.9420966e-18   1.6594825e-10   1.6436831e-17   5.1497566e-12   1.9565074e-17   1.6824740e-13   1.5831833e-17   5.6885515e-15   2.8689733e-18   1.9530213e-16   1.9132493e-19  -1.8412424e-03   2.2358334e-02  -2.4284320e-03   3.9540212e-04  -5.6086754e-05   9.7155351e-06  -1.5682978e-06   2.8614867e-07  -4.9778754e-08   9.4097468e-09  -1.7146822e-09   3.3168204e-10  -6.2247706e-11   1.2214290e-11  -2.3351345e-12   4.6190746e-13  -8.9288816e-14   1.7725212e-14  -3.4462062e-15   6.8348258e-16  -1.2821986e-16
   2.7153787e-04   6.5957010e-04   5.4883240e-03   7.3518368e-04   1.3896266e-04   2.2153980e-05   4.2228183e-06   7.3943990e-07   1.4478379e-07   2.6811527e-08   5.3598830e-09   1.0275518e-09   2.0819181e-10   4.0776380e-11   8.3235965e-12   1.6509869e-12   3.3800402e-13   6.7489463e-14   1.3813653e-14   2.7596367e-15   5.3890971e-16   1.7547299e-03  -3.5893531e-16   4.3120255e-02   3.5478231e-17   2.6336936e-04  -1.1939811e-17   4.7548622e-06  -2.5337536e-17   1.1516749e-07   2.6461882e-18   3.2911990e-09   7.7158502e-18   1.0404299e-10  -1.2936466e-17   3.5057237e-12  -7.3929798e-18   1.2298359e-13  -2.3064145e-18   4.4198552e-15  -2.5800710e-19   1.5442794e-16   2.7153787e-04  -6.5957010e-04   5.4883240e-03  -7.3518368e-04   1.3896266e-04  -2.2153980e-05   4.2228183e-06  -7.3943990e-07   1.4478379e-07  -2.6811527e-08   5.3598830e-09  -1.0275518e-09   2.0819180e-10  -4.0776383e-11   8.3236032e-12  -1.6509978e-12   3.3800936e-13  -6.7487395e-14   1.3809631e-14  -2.7590362e-15   5.4048052e-16
   9.8194876e-06   1.1764904e-04   2.0485972e-04   1.3487610e-03   2.1009516e-04   4.4635724e-05   7.8364656e-06   1.6206857e-06   3.0469751e-07   6.3521522e-08   1.2444516e-08   2.6177507e-09   5.2579668e-10   1.1119457e-10   2.2661144e-11   4.7998518e-12   9.8555904e-13   2.0842338e-13   4.2901731e-14   9.0203448e-15   1.7780734e-15  -8.5534970e-16   7.5200050e-04   3.5478231e-17   1.0453806e-02   1.4510316e-17   8.4280358e-05  -1.1517025e-17   1.8204641e-06   1.3439574e-18   5.0437773e-08  -4.1863469e-18   1.6051043e-09   1.3446144e-18   5.5500811e-11   1.1638957e-18   2.0193827e-12  -2.1368674e-19   7.5760102e-14   1.9219337e-19   2.8851041e-15  -1.6934652e-19  -9.8194876e-06   1.1764904e-04  -2.0485972e-04   1.3487610e-03  -2.1009516e-04   4.4635724e-05  -7.8364656e-06   1.6206857e-06  -3.0469751e-07   6.3521522e-08  -1.2444516e-08   2.6177507e-09  -5.2579668e-10   1.1119457e-10  -2.2661143e-11   4.7998505e-12  -9.8556000e-13   2.0842605e-13  -4.2903672e-14   9.0201517e-15  -1.7768853e-15
   2.8529440e-06   5.1343853e-06   4.1686595e-05   6.0066532e-05   3.3186354e-04   5.8207794e-05   1.3618629e-05   2.5962870e-06   5.7660829e-07   1.1548041e-07   2.5473998e-08   5.2532742e-09   1.1579580e-09   2.4283424e-10   5.3442800e-11   1.1303871e-11   2.4788138e-12   5.2585178e-13   1.1466207e-13   2.4248912e-14   5.0150245e-15   1.9604197e-05  -2.6454138e-17   2.6336936e-04   1.4510316e-17   2.5356752e-03  -6.7268276e-18   2.5611472e-05  -4.7555950e-19   6.4600659e-07  -1.1467982e-18   2.0188488e-08  -1.5792318e-19   7.0892878e-10  -7.2344172e-19   2.6640192e-11  -1.4471192e-20   1.0416663e-12   4.0925423e-19   4.1633449e-14   1.2583715e-19   1.6028996e-15   2.8529440e-06  -5.1343853e-06   4.1686595e-05  -6.0066532e-05   3.3186354e-04  -5.8207794e-05   1.3618629e-05  -2.5962870e-06   5.7660829e-07  -1.1548041e-07   2.5473998e-08  -5.2532742e-09   1.1579580e-09  -2.4283424e-10   5.3442801e-11  -1.1303871e-11   2.4788141e-12  -5.2585164e-13   1.1466180e-13  -2.4249015e-14   5.0153679e-15
   1.3480359e-07   1.6160939e-06   2.1236769e-06   1.3506584e-05   1.7076336e-05   8.1761900e-05   1.5822557e-05   4.0195648e-06   8.2359965e-07   1.9488180e-07   4.1320416e-08   9.5963447e-09   2.0745040e-09   4.7749956e-10   1.0423836e-10   2.3812498e-11   5.2156893e-12   1.1817917e-12   2.5853433e-13   5.7908271e-14   1.2020433e-14   1.9368450e-16   1.0964386e-05  -1.1939811e-17   8.4280358e-05  -6.7268276e-18   6.1539685e-04  -3.4043532e-19   7.5267866e-06  -4.9649710e-19   2.1773075e-07   1.9633645e-20   7.5897439e-09  -1.8636443e-19   2.9185921e-10   3.2708588e-20   1.1853567e-11  -9.3511966e-20   4.9600643e-13  -4.1873016e-20   2.1002589e-14  -1.5196559e-20  -1.3480359e-07   1.6160939e-06  -2.1236769e-06   1.3506584e-05  -1.7076336e-05   8.1761900e-05  -1.5822557e-05   4.0195648e-06  -8.2359965e-07   1.9488180e-07  -4.1320416e-08   9.5963447e-09  -2.0745040e-09   4.7749956e-10  -1.0423836e-10   2.3812498e-11  -5.2156893e-12   1.1817917e-12  -2.5853456e-13   5.7908352e-14  -1.2020354e-14
   4.9543241e-08   8.7522181e-08   7.1038020e-07   7.8624412e-07   4.1589737e-06   4.7636440e-06   2.0172067e-05   4.2470597e-06   1.1594191e-06   2.5333052e-07   6.3469746e-08   1.4175832e-08   3.4517253e-09   7.7948427e-10   1.8679647e-10   4.2339667e-11   1.0017276e-11   2.2676051e-12   5.2989774e-13   1.1906727e-13   2.6104463e-14   3.4156809e-07   7.3075700e-18   4.7548622e-06  -1.1517025e-17   2.5611472e-05  -3.4043532e-19   1.4944358e-04  -1.4649404e-19   2.1610407e-06  -4.5677900e-20   7.0700344e-08   5.2802210e-20   2.7240243e-09   1.0509125e-20   1.1397575e-10  -3.6949184e-21   4.9790979e-12   2.0258128e-20   2.2210955e-13   1.9062457e-21   9.4577144e-15   4.9543241e-08  -8.7522181e-08   7.1038020e-07  -7.8624412e-07   4.1589737e-06  -4.7636440e-06   2.0172067e-05  -4.2470597e-06   1.1594191e-06  -2.5333052e-07   6.3469746e-08  -1.4175832e-08   3.4517253e-09  -7.7948427e-10   1.8679647e-10  -4.2339667e-11   1.0017276e-11  -2.2676051e-12   5.2989771e-13  -1.1906725e-13   2.6104470e-14
   2.7955940e-09   3.3516464e-08   4.3418366e-08   2.7590065e-07   2.7253180e-07   1.2395292e-06   1.3123891e-06   4.9842849e-06   1.1300507e-06   3.2889080e-07   7.6158992e-08   2.0101762e-08   4.7098330e-09   1.1981764e-09   2.8181554e-10   7.0131298e-11   1.6468103e-11   4.0272564e-12   9.4039542e-13   2.2566076e-13   4.9497820e-14   1.7232509e-16   2.2799572e-07  -2.5337536e-17   1.8204641e-06  -4.7555950e-19   7.5267866e-06  -1.4649404e-19   3.6314438e-05  -8.2485611e-20   6.0998385e-07   2.5498103e-20   2.2320440e-08   1.4020395e-20   9.4337307e-10   1.3339620e-20   4.2711846e-11   5.7474656e-23   1.9985984e-12  -3.4252068e-21   9.4456600e-14  -1.1093704e-21  -2.7955939e-09   3.3516464e-08  -4.3418366e-08   2.7590065e-07  -2.7253180e-07   1.2395292e-06  -1.3123891e-06   4.9842849e-06  -1.1300507e-06   3.2889080e-07  -7.6158992e-08   2.0101762e-08  -4.7098330e-09   1.1981764e-09  -2.8181554e-10   7.0131298e-11  -1.6468103e-11   4.0272564e-12  -9.4039543e-13   2.2566076e-13  -4.9497813e-14
   1.1148760e-09   2.1094940e-09   1.7171672e-08   1.8811831e-08   9.9400307e-08   9.0420545e-08   3.6123380e-07   3.5847297e-07   1.2335524e-06   2.9881926e-07   9.2136644e-08   2.2498288e-08   6.2299276e-09   1.5259213e-09   4.0436953e-10   9.8805788e-11   2.5476476e-11   6.1853399e-12   1.5604389e-12   3.7410923e-13   8.7338420e-14   7.5896448e-09   7.3657795e-17   1.1516749e-07   1.3439574e-18   6.4600659e-07  -4.9649710e-19   2.1610407e-06  -8.2485611e-20   8.8304565e-06  -6.9240781e-21   1.6997456e-07   9.2263566e-21   6.8939190e-09  -4.1450552e-22   3.1758411e-10   2.5323737e-21   1.5485106e-11   5.3723704e-23   7.7309812e-13   8.4973946e-23   3.6510564e-14   1.1148760e-09  -2.1094940e-09   1.7171672e-08  -1.8811831e-08   9.9400307e-08  -9.0420545e-08   3.6123380e-07  -3.5847297e-07   1.2335524e-06  -2.9881926e-07   9.2136644e-08  -2.2498288e-08   6.2299276e-09  -1.5259213e-09   4.0436953e-10  -9.8805788e-11   2.5476476e-11  -6.1853399e-12   1.5604389e-12  -3.7410923e-13   8.7338421e-14
   7.1960993e-11   8.6178302e-10   1.1944770e-09   7.6336063e-09   7.4923253e-09   3.4043116e-08   2.9081332e-08   1.0359189e-07   9.7327034e-08   3.0582193e-07   7.8666898e-08   2.5565984e-08   6.5558665e-09   1.8978265e-09   4.8450023e-10   1.3339829e-10   3.3786404e-11   9.0082834e-12   2.2568142e-12   5.8434646e-13   1.3585786e-13   1.6439145e-17   5.7857802e-09   2.6461882e-18   5.0437773e-08  -1.1467982e-18   2.1773075e-07  -4.5677900e-20   6.0998385e-07  -6.9240781e-21   2.1488826e-06   1.4192790e-21   4.6895093e-08   7.3618125e-22   2.0924130e-09   2.7610903e-22   1.0448951e-10  -5.1841692e-22   5.4638289e-12   3.5883439e-23   2.8899806e-13  -2.7433602e-23  -7.1960989e-11   8.6178302e-10  -1.1944770e-09   7.6336063e-09  -7.4923253e-09   3.4043116e-08  -2.9081332e-08   1.0359189e-07  -9.7327034e-08   3.0582193e-07  -7.8666898e-08   2.5565984e-08  -6.5558665e-09   1.8978265e-09  -4.8450023e-10   1.3339829e-10  -3.3786404e-11   9.0082834e-12  -2.2568142e-12   5.8434646e-13  -1.3585786e-13
   2.9312447e-11   6.0953931e-11   4.9743586e-10   5.8251834e-10   3.1040074e-09   2.8158814e-09   1.1243083e-08   9.1398941e-09   2.9356158e-08   2.6313248e-08   7.5961769e-08   2.0645106e-08   7.0418023e-09   1.8896897e-09   5.7016775e-10   1.5132637e-10   4.3191660e-11   1.1316537e-11   3.1135996e-12   8.0038213e-13   2.0012203e-13   1.9570671e-10   7.9420966e-18   3.2911990e-09  -4.1863469e-18   2.0188488e-08   1.9633645e-20   7.0700344e-08   2.5498103e-20   1.6997456e-07   1.4192790e-21   5.2335259e-07   6.7808761e-22   1.2837398e-08  -1.8746878e-23   6.2616147e-10  -1.1869612e-22   3.3735198e-11   9.5081101e-24   1.8842467e-12   1.0039460e-22   9.8810311e-14   2.9312446e-11  -6.0953929e-11   4.9743586e-10  -5.8251834e-10   3.1040074e-09  -2.8158814e-09   1.1243083e-08  -9.1398941e-09   2.9356158e-08  -2.6313248e-08   7.5961769e-08  -2.0645106e-08   7.0418023e-09  -1.8896897e-09   5.7016775e-10  -1.5132637e-10   4.3191660e-11  -1.1316537e-11   3.1135996e-12  -8.0038213e-13   2.0012203e-13
   2.1095122e-12   2.5215249e-11   3.8317844e-11   2.4635509e-10   2.5824424e-10   1.1864777e-09   1.0143136e-09   3.6135525e-09   2.8223195e-09   8.2451760e-09   7.0934324e-09   1.8906090e-08   5.4065798e-09   1.9284816e-09   5.3997134e-10   1.6936942e-10   4.6628054e-11   1.3768364e-11   3.7238787e-12   1.0506706e-12   2.5979670e-13  -6.7693507e-17   1.6594825e-10   7.7158502e-18   1.6051043e-09  -1.5792318e-19   7.5897439e-09   5.2802210e-20   2.2320440e-08   9.2263566e-21   4.6895093e-08   6.7808761e-22   1.2757263e-07   2.3950706e-23   3.4925061e-09   3.5569070e-23   1.8521989e-10  -7.7957815e-23   1.0721111e-11   1.5775209e-23   6.3433113e-13  -1.1162296e-23  -2.1095290e-12   2.5215250e-11  -3.8317842e-11   2.4635509e-10  -2.5824424e-10   1.1864777e-09  -1.0143136e-09   3.6135525e-09  -2.8223195e-09   8.2451760e-09  -7.0934324e-09   1.8906090e-08  -5.4065798e-09   1.9284816e-09  -5.3997134e-10   1.6936942e-10  -4.6628054e-11   1.3768364e-11  -3.7238787e-12   1.0506706e-12  -2.5979670e-13
   8.5251133e-13   1.9633513e-12   1.6049241e-11   2.0559781e-11   1.1058024e-10   1.0705690e-10   4.3335172e-10   3.5372891e-10   1.1373586e-09   8.5959001e-10   2.3002805e-09   1.9086464e-09   4.7158440e-09   1.4140370e-09   5.2580524e-10   1.5321868e-10   4.9846130e-11   1.4205832e-11   4.3298472e-12   1.2004206e-12   3.2400116e-13   5.5571914e-12   1.6436831e-17   1.0404299e-10   1.3446144e-18   7.0892878e-10  -1.8636443e-19   2.7240243e-09   1.4020395e-20   6.8939190e-09   7.3618125e-22   1.2837398e-08   2.3950706e-23   3.1126799e-08   3.1884142e-23   9.4549511e-10  -2.0402005e-23   5.4264979e-11  -9.2138926e-24   3.3605897e-12  -2.6534862e-24   1.9518035e-13   8.5251099e-13  -1.9633471e-12   1.6049241e-11  -2.0559780e-11   1.1058024e-10  -1.0705690e-10   4.3335172e-10  -3.5372891e-10   1.1373586e-09  -8.5959001e-10   2.3002805e-09  -1.9086464e-09   4.7158440e-09  -1.4140370e-09   5.2580524e-10  -1.5321868e-10   4.9846130e-11  -1.4205832e-11   4.3298472e-12  -1.2004206e-12   3.2400116e-13
   6.7251516e-14   8.0189484e-13   1.3460608e-12   8.6978261e-12   9.9534047e-12   4.6304128e-11   4.2215617e-11   1.5286550e-10   1.2026469e-10   3.5215154e-10   2.5896825e-10   6.3851660e-10   5.1302681e-10   1.1790867e-09   3.6959402e-10   1.4288038e-10   4.3232469e-11   1.4557113e-11   4.2845312e-12   1.3372236e-12   3.5297040e-13  -5.8416785e-17   5.1497566e-12  -1.2936466e-17   5.5500811e-11  -7.2344172e-19   2.9185921e-10   1.0509125e-20   9.4337307e-10  -4.1450552e-22   2.0924130e-09  -1.8746878e-23   3.4925061e-09   3.1884142e-23   7.6025847e-09  -6.7018425e-24   2.5496851e-10  -1.7398717e-23   1.5770915e-11   3.5697810e-24   1.0343648e-12  -2.5242502e-25  -6.7266048e-14   8.0189633e-13  -1.3460642e-12   8.6978266e-12  -9.9534050e-12   4.6304128e-11  -4.2215617e-11   1.5286550e-10  -1.2026469e-10   3.5215154e-10  -2.5896825e-10   6.3851660e-10  -5.1302681e-10   1.1790867e-09  -3.6959402e-10   1.4288038e-10  -4.3232469e-11   1.4557113e-11  -4.2845312e-12   1.3372236e-12  -3.5297040e-13
   2.6531772e-14   6.7790654e-14   5.5449646e-13   7.8273436e-13   4.2447241e-12   4.4775443e-12   1.8407675e-11   1.6013785e-11   5.2468307e-11   4.0065480e-11   1.0761945e-10   7.7345008e-11   1.7658449e-10   1.3784735e-10   2.9555968e-10   9.6597730e-11   3.8729133e-11   1.2142821e-11   4.2206896e-12   1.2712392e-12   3.7489111e-13   1.6817361e-13   1.9565074e-17   3.5057237e-12   1.1638957e-18   2.6640192e-11   3.2708588e-20   1.1397575e-10   1.3339620e-20   3.1758411e-10   2.7610903e-22   6.2616147e-10   3.5569070e-23   9.4549511e-10  -6.7018425e-24   1.8589933e-09  -5.1635633e-24   6.8545707e-11  -1.9987548e-24   4.5490466e-12   6.2512213e-25   2.8908064e-13   2.6531366e-14  -6.7785733e-14   5.5449589e-13  -7.8273400e-13   4.2447240e-12  -4.4775443e-12   1.8407675e-11  -1.6013785e-11   5.2468307e-11  -4.0065480e-11   1.0761945e-10  -7.7345008e-11   1.7658449e-10  -1.3784735e-10   2.9555968e-10  -9.6597730e-11   3.8729133e-11  -1.2142821e-11   4.2206896e-12  -1.2712392e-12   3.7489111e-13
   2.2599433e-15   2.6956897e-14   5.0058812e-14   3.2466923e-13   4.0846810e-13   1.9217892e-12   1.9055906e-12   7.0284317e-12   5.8898295e-12   1.7617978e-11   1.3128599e-11   3.2546653e-11   2.2940776e-11   4.8707185e-11   3.7047194e-11   7.4293099e-11   2.5258115e-11   1.0478074e-11   3.3943582e-12   1.2048554e-12   3.4087182e-13  -6.8668764e-17   1.6824740e-13  -7.3929798e-18   2.0193827e-12  -1.4471192e-20   1.1853567e-11  -3.6949184e-21   4.2711846e-11   2.5323737e-21   1.0448951e-10  -1.1869612e-22   1.8521989e-10  -2.0402005e-23   2.5496851e-10  -5.1635633e-24   4.5512221e-10  -8.8581978e-25   1.8381904e-11  -4.4639490e-25   1.2917319e-12   1.1250475e-25  -2.2770055e-15   2.6958413e-14  -5.0060823e-14   3.2466950e-13  -4.0846814e-13   1.9217892e-12  -1.9055906e-12   7.0284317e-12  -5.8898295e-12   1.7617978e-11  -1.3128599e-11   3.2546653e-11  -2.2940776e-11   4.8707185e-11  -3.7047194e-11   7.4293099e-11  -2.5258115e-11   1.0478074e-11  -3.3943582e-12   1.2048554e-12  -3.4087182e-13
   8.6214452e-16   2.4514767e-15   2.0029647e-14   3.1208542e-14   1.7036409e-13   1.9714675e-13   8.2207052e-13   7.7650209e-13   2.5986409e-12   2.1125620e-12   5.8111453e-12   4.2438516e-12   9.7603453e-12   6.7668246e-12   1.3411622e-11   9.9637080e-12   1.8729849e-11   6.6086457e-12   2.8264993e-12   9.3406003e-13   3.0781127e-13   5.2851268e-15   1.5831833e-17   1.2298359e-13  -2.1368674e-19   1.0416663e-12  -9.3511966e-20   4.9790979e-12   5.7474656e-23   1.5485106e-11  -5.1841692e-22   3.3735198e-11  -7.7957815e-23   5.4264979e-11  -1.7398717e-23   6.8545707e-11  -8.8581978e-25   1.1157138e-10  -5.5160004e-25   4.9126610e-12   1.4715857e-25   3.2851987e-13   8.6181701e-16  -2.4474996e-15   2.0029225e-14  -3.1208545e-14   1.7036410e-13  -1.9714678e-13   8.2207052e-13  -7.7650209e-13   2.5986409e-12  -2.1125620e-12   5.8111453e-12  -4.2438516e-12   9.7603453e-12  -6.7668246e-12   1.3411622e-11  -9.9637080e-12   1.8729849e-11  -6.6086457e-12   2.8264993e-12  -9.3406003e-13   3.0781127e-13
   8.0016466e-17   9.4151504e-16   1.9305508e-15   1.2550050e-14   1.7389456e-14   8.2584894e-14   8.9652922e-14   3.3632237e-13   3.0552745e-13   9.3597324e-13   7.4217385e-13   1.8887650e-12   1.3563897e-12   2.9070669e-12   1.9870510e-12   3.6886768e-12   2.6818241e-12   4.7345229e-12   1.7264361e-12   7.4917543e-13   2.2814937e-13   3.7651110e-18   5.6885515e-15  -2.3064145e-18   7.5760102e-14   4.0925423e-19   4.9600643e-13   2.0258128e-20   1.9985984e-12   5.3723704e-23   5.4638289e-12   9.5081101e-24   1.0721111e-11  -9.2138926e-24   1.5770915e-11  -1.9987548e-24   1.8381904e-11  -5.5160004e-25   2.7384577e-11  -6.2102826e-26   1.2906316e-12   4.0605862e-27  -7.9087676e-17   9.4151247e-16  -1.9311279e-15   1.2550109e-14  -1.7389360e-14   8.2584876e-14  -8.9652914e-14   3.3632237e-13  -3.0552745e-13   9.3597324e-13  -7.4217385e-13   1.8887650e-12  -1.3563897e-12   2.9070669e-12  -1.9870510e-12   3.6886768e-12  -2.6818241e-12   4.7345229e-12  -1.7264361e-12   7.4917543e-13  -2.2814937e-13
